1797218461142179319573884891481221
8696981297918411971289919865719836
2991519621128967692174919369871962
9519298621148891919219116926535193
3322441212551229339949332249462272
9118353711988171611983883569964392
6619293351892345695919931961961959
4119719294958136935585131572211882
2897361395359964817739628715924942
3389638941186823278892211919997494
9282911861243373596527491925976176
8659237241858888999515587517811573
7764241289968175261192129897224933
5211819126749298191741999756776373
7147248429776976347262913517219841
9999327358212995943299686946957298
3118856861346926341911713996912169
9725216819926791171517898194558972
7233995695449113678612444521112129
6127221278819178621741141313355129
9316815118477222367841192213391742
9462996178167836998492412349917112
7967964922318976294433211213741866
8929424417132556157634716487111521
3218194149784328917294438859919299
9963686292555144316424191747459116
6895964781364928469137998279116249